Samplenummer
----------------
0
101
201
301
401
502
602
702
802
903
1003
1103
1203
1303
1404
1504
1604
1704
1805
1905
2005
2105
2205
2306
2406
2506
2606
2707
2807
2907
3007
3108
3208
3308
3408
3508
3609
3709
3809
3909
4010
4110
4210
4310
4410
4511
4611
4711
4811
4912
5012
5112
5212
5313
5413
5513
5613
5713
5814
5914
6014
6114
6215
6315
6415
6515
6615
6716
6816
6916
7016
7117
7217
7317
7417
7518
7618
7718
7818
7918
8019
8119
8219
8319
8420
8520
8620
8720
8820
8921
9021
9121
9221
9322
9422
9522
9622
9723
9823
9923
10023
10123
10224
10324
10424
10524
10625
10725
10825
10925
11025
11126
11226
11326
11426
11527
11627
11727
11827
11928
12028
12128
12228
12328
12429
12529
12629
12729
12830
12930
13030
13130
13230
13331
13431
13531
13631
13732
13832
13932
14032
14133
14233
14333
14433
14533
14634
14734
14834
14934
15035
15135
15235
15335
15435
15536
15636
15736
15836
15937
16037
16137
16237
16338
16438
16538
16638
16738
16839
16939
17039
17139
17240
17340
17440
17540
17640
17741
17841
17941
18041
18142
18242
18342
18442
18543
18643
18743
18843
18943
19044
19144
19244
19344
19445
19545
19645
19745
19845
19946
20046
20146
20246
20347
20447
20547
20647
20748
20848
20948
21048
21148
21249
21349
21449
21549
21650
21750
21850
21950
22050
22151
22251
22351
22451
22552
22652
22752
22852
22953
23053
23153
23253
23353
23454
23554
23654
23754
23855
23955
24055
24155
24255
24356
24456
24556
24656
24757
24857
24957
25057
25158
25258
25358
25458
25558
25659
25759
25859
25959
26060
26160
26260
26360
26460
26561
26661
26761
26861
26962
27062
27162
27262
27363
27463
27563
27663
27763
27864
27964
28064
28164
28265
28365
28465
28565
28665
28766
28866
28966
29066
29167
29267
29367
29467
29568
29668
29768
29868
29968
30069
30169
30269
30369
30470
30570
30670
30770
30870
30971
31071
31171
31271
31372
31472
31572
31672
31773
31873
31973
32073
32173
32274
32374
32474
32574
32675
32775
32875
32975
33075
33176
33276
33376
33476
33577
33677
33777
33877
33978
34078
34178
34278
34378
34479
34579
34679
34779
34880
34980
35080
35180
35280
35381
35481
35581
35681
35782
35882
35982
36082
36183
36283
36383
36483
36583
36684
36784
36884
36984
37085
37185
37285
37385
37485
37586
37686
37786
37886
37987
38087
38187
38287
38388
38488
38588
38688
38788
38889
38989
39089
39189
39290
39390
39490
39590
39690
39791
39891
39991
40091
40192
40292
40392
40492
40593
40693
40793
40893
40993
41094
41194
41294
41394
41495
41595
41695
41795
41895
41996
42096
42196
42296
42397
42497
42597
42697
42798
42898
42998
43098
43198
43299
43399
43499
43599
43700
43800
43900
44000
44100
44201
44301
44401
44501
44602
44702
44802
44902
45003
45103
45203
45303
45403
45504
45604
45704
45804
45905
46005
46105
46205
46305
46406
46506
46606
46706
46807
46907
47007
47107
47208
47308
47408
47508
47608
47709
47809
47909
48009
48110
48210
48310
48410
48510
48611
48711
48811
48911
49012
49112
49212
49312
49413
49513
49613
49713
49813
49914
50014
50114
50214
50315
50415
50515
50615
50715
50816
50916
51016
51116
51217
51317
51417
51517
51618
51718
51818
51918
52018
52119
52219
52319
52419
52520
52620
52720
52820
52920
53021
53121
53221
53321
53422
53522
53622
53722
53823
53923
54023
54123
54223
54324
54424
54524
54624
54725
54825
54925
55025
55125
55226
55326
55426
55526
55627
55727
55827
55927
56028
56128
56228
56328
56428
56529
56629
56729
56829
56930
57030
57130
57230
57330
57431
57531
57631
57731
57832
57932
58032
58132
58233
58333
58433
58533
58633
58734
58834
58934
59034
59135
59235
59335
59435
59535
59636
59736
59836
59936
60037
60137
60237
60337
60438
60538
60638
60738
60838
60939
61039
61139
61239
61340
61440
61540
61640
61740
61841
61941
62041
62141
62242
62342
62442
62542
62643
62743
62843
62943
63043
63144
63244
63344
63444
63545
63645
63745
63845
63945
64046
64146
64246
64346
64447
64547
64647
64747
64848
64948
65048
65148
65248
65349
65449
65549
65649
65750
65850
65950
66050
66150
66251
66351
66451
66551
66652
66752
66852
66952
67053
67153
67253
67353
67453
67554
67654
67754
67854
67955
68055
68155
68255
68355
68456
68556
68656
68756
68857
68957
69057
69157
69258
69358
69458
69558
69658
69759
69859
69959
70059
70160
70260
70360
70460
70560
70661
70761
70861
70961
71062
71162
71262
71362
71463
71563
71663
71763
71863
71964
72064
72164
72264
72365
72465
72565
72665
72765
72866
72966
73066
73166
73267
73367
73467
73567
73668
73768
73868
73968
74068
74169
74269
74369
74469
74570
74670
74770
74870
74970
75071
75171
75271
75371
75472
75572
75672
75772
75873
75973
76073
76173
76273
76374
76474
76574
76674
76775
76875
76975
77075
77175
77276
77376
77476
77576
77677
77777
77877
77977
78078
78178
78278
78378
78478
78579
78679
78779
78879
78980
79080
79180
79280
79380
79481
79581
79681
79781
79882
79982
80082
80182
80283
80383
80483
80583
80683
80784
80884
80984
81084
81185
81285
81385
81485
81585
81686
81786
81886
81986
82087
82187
82287
82387
82488
82588
82688
82788
82888
82989
83089
83189
83289
83390
83490
83590
83690
83790
83891
83991
84091
84191
84292
84392
84492
84592
84693
84793
84893
84993
85093
85194
85294
85394
85494
85595
85695
85795
85895
85995
86096
86196
86296
86396
86497
86597
86697
86797
86898
86998
87098
87198
87298
87399
87499
87599
87699
87800
87900
88000
88100
88200
88301
88401
88501
88601
88702
88802
88902
89002
89103
89203
89303
89403
89503
89604
89704
89804
89904
90005
90105
90205
90305
90406
90506
90606
90706
90806
90907
91007
91107
91207
91308
91408
91508
91608
91708
91809
91909
92009
92109
92210
92310
92410
92510
92610
92711
92811
92911
93011
93112
93212
93312
93412
93513
93613
93713
93813
93913
94014
94114
94214
94314
94415
94515
94615
94715
94815
94916
95016
95116
95216
95317
95417
95517
95617
95718
95818
95918
96018
96118
96219
96319
96419
96519
96620
96720
96820
96920
97020
97121
97221
97321
97421
97522
97622
97722
97822
97923
98023
98123
98223
98323
98424
98524
98624
98724
98825
98925
99025
99125
99225
99326
99426
99526
99626
99727
99827
99927
100027
100128
100228
100328
100428
100528
100629
100729
100829
100929
101030
101130
101230
101330
101430
101531
101631
101731
101831
101932
102032
102132
102232
102333
102433
102533
102633
102733
102834
102934
103034
103134
103235
103335
103435
103535
103635
103736
103836
103936
104036
104137
104237
104337
104437
104538
104638
104738
104838
104938
105039
105139
105239
105339
105440
105540
105640
105740
105840
105941
106041
106141
106241
106342
106442
106542
106642
106743
106843
106943
107043
107143
107244
107344
107444
107544
107645
107745
107845
107945
108045
108146
108246
108346
108446
108547
108647
108747
108847
108948
109048
109148
109248
109348
109449
109549
109649
109749
109850
109950
110050
110150
110250
110351
110451
110551
110651
110752
110852
110952
111052
111153
111253
111353
111453
111553
111654
111754
111854
111954
112055
112155
112255
112355
112455
112556
112656
112756
112856
112957
113057
113157
113257
113358
113458
113558
113658
113758
113859
113959
114059
114159
114260
114360
114460
114560
114660
114761
114861
114961
115061
115162
115262
115362
115462
115563
115663
115763
115863
115963
116064
116164
116264
116364
116465
116565
116665
116765
116865
116966
117066
117166
117266
117367
117467
117567
117667
117768
117868
117968
118068
118168
118269
118369
118469
118569
118670
118770
118870
118970
119070
119171
119271
119371
119471
119572
119672
119772
119872
119973
120073
120173
120273
120373
120474
120574
120674
120774
120875
120975
121075
121175
121275
121376
121476
121576
121676
121777
121877
121977
122077
122178
122278
122378
122478
122578
122679
122779
122879
122979
123080
123180
123280
123380
123480
123581
123681
123781
123881
123982
124082
124182
124282
124383
124483
124583
124683
124783
124884
124984
125084
125184
125285
125385
125485
125585
125685
125786
125886
125986
126086
126187
126287
126387
126487
126588
126688
126788
126888
126988
127089
127189
127289
127389
127490
127590
127690
127790
127890
127991
128091
128191
128291
128392
128492
128592
128692
128793
128893
128993
129093
129193
129294
129394
129494
129594
129695
129795
129895
129995
130095
130196
130296
130396
130496
130597
130697
130797
130897
130998
131098
131198
131298
131398
131499
131599
131699
131799
131900
132000
132100
132200
