Samplenummer
----------------
0
51
201
252
401
453
602
654
802
855
1003
1057
1203
1258
1404
1459
1604
1660
1805
1861
2005
2062
2205
2264
2406
2465
2606
2666
2807
2867
3007
3068
3208
3269
3408
3471
3609
3672
3809
3873
4010
4074
4210
4275
4410
4476
4611
4677
4811
4879
5012
5080
5212
5281
5413
5482
5613
5683
5814
5884
6014
6085
6215
6286
6415
6488
6615
6689
6816
6890
7016
7091
7217
7292
7417
7493
7618
7694
7818
7895
8019
8096
8219
8297
8420
8498
8620
8699
8820
8900
9021
9101
9221
9302
9422
9503
9622
9704
9823
9905
10023
10106
10224
10307
10424
10508
10625
10709
10825
10910
11025
11111
11226
11312
11426
11513
11627
11714
11827
11915
12028
12116
12228
12317
12429
12518
12629
12719
12830
12920
13030
13120
13230
13321
13431
13522
13631
13723
13832
13924
14032
14125
14233
14326
14433
14526
14634
14727
14834
14928
15035
15129
15235
15330
15435
15530
15636
15731
15836
15932
16037
16133
16237
16333
16438
16534
16638
16735
16839
16936
17039
17136
17240
17337
17440
17538
17640
17738
17841
17939
18041
18140
18242
18340
18442
18541
18643
18742
18843
18942
19044
19143
19244
19343
19445
19544
19645
19745
19845
19945
20046
20146
20246
20346
20447
20547
20647
20747
20848
20948
21048
21148
21249
21349
21449
21549
21650
21750
21850
21950
22050
22151
22251
22351
22451
22552
22652
22752
22852
22952
23053
23153
23253
23353
23454
23554
23654
23754
23855
23954
24055
24155
24255
24355
24456
24555
24656
24756
24857
24956
25057
25156
25258
25357
25458
25557
25659
25757
25859
25957
26060
26158
26260
26358
26460
26558
26661
26758
26861
26959
27062
27159
27262
27359
27463
27559
27663
27759
27864
27960
28064
28160
28265
28360
28465
28560
28665
28760
28866
28960
29066
29160
29267
29360
29467
29561
29668
29761
29868
29961
30069
30161
30269
30361
30470
30561
30670
30761
30870
30961
31071
31161
31271
31361
31472
31561
31672
31761
31873
31961
32073
32161
32274
32361
32474
32561
32675
32761
32875
32961
33075
33161
33276
33361
33476
33561
33677
33761
33877
33961
34078
34160
34278
34360
34479
34560
34679
34760
34880
34960
35080
35160
35280
35360
35481
35560
35681
35760
35882
35959
36082
36159
36283
36359
36483
36559
36684
36759
36884
36959
37085
37158
37285
37358
37485
37558
37686
37758
37886
37958
38087
38158
38287
38357
38488
38557
38688
38757
38889
38957
39089
39157
39290
39356
39490
39556
39690
39756
39891
39956
40091
40155
40292
40355
40492
40555
40693
40755
40893
40954
41094
41154
41294
41354
41495
41554
41695
41753
41895
41953
42096
42153
42296
42353
42497
42552
42697
42752
42898
42952
43098
43152
43299
43351
43499
43551
43700
43751
43900
43951
44100
44150
44301
44350
44501
44550
44702
44750
44902
44949
45103
45149
45303
45349
45504
45549
45704
45748
45905
45948
46105
46148
46305
46348
46506
46547
46706
46747
46907
46947
47107
47147
47308
47346
47508
47546
47709
47746
47909
47946
48110
48145
48310
48345
48510
48545
48711
48745
48911
48945
49112
49144
49312
49344
49513
49544
49713
49744
49914
49944
50114
50143
50315
50343
50515
50543
50715
50743
50916
50943
51116
51142
51317
51342
51517
51542
51718
51742
51918
51942
52119
52142
52319
52341
52520
52541
52720
52741
52920
52941
53121
53141
53321
53341
53522
53541
53722
53741
53923
53941
54123
54140
54324
54340
54524
54540
54725
54740
54925
54940
55125
55140
55326
55340
55526
55540
55727
55740
55927
55940
56128
56140
56328
56340
56529
56540
56729
56740
56930
56940
57130
57140
57330
57340
57531
57540
57731
57740
57932
57940
58132
58140
58333
58340
58533
58540
58734
58741
58934
58941
59135
59141
59335
59341
59535
59541
59736
59741
59936
59941
60137
60141
60337
60342
60538
60542
60738
60742
60939
60942
61139
61142
61340
61343
61540
61543
61740
61743
61941
61943
62141
62143
62342
62344
62542
62544
62743
62744
62943
62945
63144
63145
63344
63345
63745
63746
63945
63946
64346
64347
64747
64748
68155
68156
68355
68356
68556
68557
68756
68757
68957
68958
69157
69158
69358
69359
69558
69560
69759
69760
69959
69961
70160
70162
70360
70362
70560
70563
70761
70764
70961
70964
71162
71165
71362
71366
71563
71566
71763
71767
71964
71968
72164
72169
72365
72369
72565
72570
72765
72771
72966
72972
73166
73173
73367
73373
73567
73574
73768
73775
73968
73976
74169
74177
74369
74377
74570
74578
74770
74779
74970
74980
75171
75181
75371
75382
75572
75583
75772
75784
75973
75985
76173
76185
76374
76386
76574
76587
76775
76788
76975
76989
77175
77190
77376
77391
77576
77592
77777
77793
77977
77994
78178
78195
78378
78396
78579
78597
78779
78798
78980
78999
79180
79200
79380
79401
79581
79602
79781
79803
79982
80004
80182
80205
80383
80406
80583
80608
80784
80809
80984
81010
81185
81211
81385
81412
81585
81613
81786
81814
81986
82015
82187
82216
82387
82417
82588
82618
82788
82820
82989
83021
83189
83222
83390
83423
83590
83624
83790
83825
83991
84026
84191
84228
84392
84429
84592
84630
84793
84831
84993
85032
85194
85233
85394
85434
85595
85636
85795
85837
85995
86038
86196
86239
86396
86440
86597
86641
86797
86843
86998
87044
87198
87245
87399
87446
87599
87647
87800
87848
88000
88050
88200
88251
88401
88452
88601
88653
88802
88854
89002
89055
89203
89257
89403
89458
89604
89659
89804
89860
90005
90061
90205
90262
90406
90464
90606
90665
90806
90866
91007
91067
91207
91268
91408
91469
91608
91671
91809
91872
92009
92073
92210
92274
92410
92475
92610
92676
92811
92877
93011
93079
93212
93280
93412
93481
93613
93682
93813
93883
94014
94084
94214
94285
94415
94486
94615
94688
94815
94889
95016
95090
95216
95291
95417
95492
95617
95693
95818
95894
96018
96095
96219
96296
96419
96497
96620
96698
96820
96899
97020
97100
97221
97301
97421
97502
97622
97703
97822
97904
98023
98105
98223
98306
98424
98507
98624
98708
98825
98909
99025
99110
99225
99311
99426
99512
99626
99713
99827
99914
100027
100115
100228
100316
100428
100517
100629
100718
100829
100919
101030
101120
101230
101320
101430
101521
101631
101722
101831
101923
102032
102124
102232
102325
102433
102526
102633
102726
102834
102927
103034
103128
103235
103329
103435
103530
103635
103730
103836
103931
104036
104132
104237
104333
104437
104533
104638
104734
104838
104935
105039
105136
105239
105336
105440
105537
105640
105738
105840
105938
106041
106139
106241
106340
106442
106540
106642
106741
106843
106942
107043
107142
107244
107343
107444
107543
107645
107744
107845
107945
108045
108145
108246
108346
108446
108546
108647
108747
108847
108947
109048
109148
109248
109348
109449
109549
109649
109749
109850
109950
110050
110150
110250
110351
110451
110551
110651
110752
110852
110952
111052
111152
111253
111353
111453
111553
111654
111754
111854
111954
112055
112154
112255
112355
112455
112555
112656
112755
112856
112956
113057
113156
113257
113356
113458
113557
113658
113757
113859
113957
114059
114157
114260
114358
114460
114558
114660
114758
114861
114958
115061
115159
115262
115359
115462
115559
115663
115759
115863
115959
116064
116160
116264
116360
116465
116560
116665
116760
116865
116960
117066
117160
117266
117360
117467
117560
117667
117761
117868
117961
118068
118161
118269
118361
118469
118561
118670
118761
118870
118961
119070
119161
119271
119361
119471
119561
119672
119761
119872
119961
120073
120161
120273
120361
120474
120561
120674
120761
120875
120961
121075
121161
121275
121361
121476
121561
121676
121761
121877
121961
122077
122161
122278
122360
122478
122560
122679
122760
122879
122960
123080
123160
123280
123360
123480
123560
123681
123760
123881
123960
124082
124159
124282
124359
124483
124559
124683
124759
124884
124959
125084
125159
125285
125358
125485
125558
125685
125758
125886
125958
126086
126158
126287
126358
126487
126557
126688
126757
126888
126957
127089
127157
127289
127357
127490
127556
127690
127756
127890
127956
128091
128156
128291
128355
128492
128555
128692
128755
128893
128955
129093
129154
129294
129354
129494
129554
129695
129754
129895
129953
130095
130153
130296
130353
130496
130553
130697
130752
130897
130952
131098
131152
131298
131352
131499
131551
131699
131751
131900
131951
132100
132151
