Samplenummer
----------------
0
201
401
602
802
1003
1203
1404
1604
1805
2005
2205
8820
9021
9221
9422
9622
9823
10023
10224
10424
10625
10825
11025
17640
17841
18041
18242
18442
18643
18843
19044
19244
19445
19645
19845
26461
26661
26861
27062
27262
27463
27663
27864
28064
28265
28465
28665
35280
35481
35681
35882
36082
36283
36483
36684
36884
37085
37285
37485
44101
44301
44501
44702
44902
45103
45303
45504
45704
45905
46105
46305
52921
53121
53321
53522
53722
53923
54123
54324
54524
54725
54925
55125
61740
61941
62141
62342
62542
62743
62943
63144
63344
63545
63745
63945
70560
70761
70961
71162
71362
71563
71763
71964
72164
72365
72565
72765
79381
79581
79781
79982
80182
80383
80583
80784
80984
81185
81385
81585
88201
88401
88601
88802
89002
89203
89403
89604
89804
90005
90205
90406
97020
97221
97421
97622
97822
98023
98223
98424
98624
98825
99025
99225
105841
106041
106241
106442
106642
106843
107043
107244
107444
107645
107845
108045
114661
114861
115061
115262
115462
115663
115863
116064
116264
116465
116665
116865
123480
123681
123881
124082
124282
124483
124683
124884
125084
125285
125485
125685
