Samplenummer
----------------
0
6
101
106
201
206
301
306
401
407
502
507
602
607
702
707
802
808
903
908
1003
1008
1103
1108
1203
1209
1303
1309
1404
1409
1504
1509
1604
1610
1704
1710
1805
1810
1905
1910
2005
2011
2105
2111
2205
2211
2306
2311
2406
2412
2506
2512
2606
2612
2707
2712
2807
2813
2907
2913
3007
3013
3108
3114
3208
3214
3308
3314
3408
3414
3508
3515
3609
3615
3709
3715
3809
3815
3909
3916
4010
4016
4110
4116
4210
4216
4310
4317
4410
4417
4511
4517
4611
4617
4711
4718
4811
4818
4912
4918
5012
5018
5112
5119
5212
5219
5313
5319
5413
5419
5513
5520
5613
5620
5713
5720
5814
5820
5914
5921
6014
6021
6114
6121
6215
6221
6315
6322
6415
6422
6515
6522
6615
6623
6716
6723
6816
6823
6916
6923
7016
7024
7117
7124
7217
7224
7317
7324
7417
7425
7518
7525
7618
7625
7718
7725
7818
7826
7918
7926
8019
8026
8119
8126
8219
8227
8319
8327
8420
8427
8520
8527
8620
8628
8720
8728
8820
8828
8921
8928
9021
9029
9121
9129
9221
9229
9322
9329
9422
9430
9522
9530
9622
9630
9723
9731
9823
9831
9923
9931
10023
10031
10123
10132
10224
10232
10324
10332
10424
10432
10524
10533
10625
10633
10725
10733
10825
10833
10925
10934
11025
11034
11126
11134
11226
11234
11326
11335
11426
11435
11527
11535
11627
11635
11727
11736
11827
11836
11928
11936
12028
12036
12128
12137
12228
12237
12328
12337
12429
12437
12529
12538
12629
12638
12729
12738
12830
12838
12930
12939
13030
13039
13130
13139
13230
13240
13331
13340
13431
13440
13531
13540
13631
13641
13732
13741
13832
13841
13932
13941
14032
14042
14133
14142
14233
14242
14333
14342
14433
14443
14533
14543
14634
14643
14734
14743
14834
14844
14934
14944
15035
15044
15135
15144
15235
15245
15335
15345
15435
15445
15536
15545
15636
15646
15736
15746
15836
15846
15937
15946
16037
16047
16137
16147
16237
16247
16338
16348
16438
16448
16538
16548
16638
16648
16738
16749
16839
16849
16939
16949
17039
17049
17139
17150
17240
17250
17340
17350
17440
17450
17540
17551
17640
17651
17741
17751
17841
17851
17941
17952
18041
18052
18142
18152
18242
18252
18342
18353
18442
18453
18543
18553
18643
18653
18743
18754
18843
18854
18943
18954
19044
19054
19144
19155
19244
19255
19344
19355
19445
19455
19545
19556
19645
19656
19745
19756
19845
19857
19946
19957
20046
20057
20146
20157
20246
20258
20347
20358
20447
20458
20547
20558
20647
20659
20748
20759
20848
20859
20948
20959
21048
21060
21148
21160
21249
21260
21349
21360
21449
21461
21549
21561
21650
21661
21750
21761
21850
21862
21950
21962
22050
22062
22151
22162
22251
22263
22351
22363
22451
22463
22552
22563
22652
22664
22752
22764
22852
22864
22953
22965
23053
23065
23153
23165
23253
23265
23353
23366
23454
23466
23554
23566
23654
23666
23754
23767
23855
23867
23955
23967
24055
24067
24155
24168
24255
24268
24356
24368
24456
24468
24556
24569
24656
24669
24757
24769
24857
24869
24957
24970
25057
25070
25158
25170
25258
25270
25358
25371
25458
25471
25558
25571
25659
25671
25759
25772
25859
25872
25959
25972
26060
26073
26160
26173
26260
26273
26360
26373
26460
26474
26561
26574
26661
26674
26761
26774
26861
26875
26962
26975
27062
27075
27162
27175
27262
27276
27363
27376
27463
27476
27563
27576
27663
27677
27763
27777
27864
27877
27964
27977
28064
28078
28164
28178
28265
28278
28365
28378
28465
28479
28565
28579
28665
28679
28766
28779
28866
28880
28966
28980
29066
29080
29167
29180
29267
29281
29367
29381
29467
29481
29568
29582
29668
29682
29768
29782
29868
29882
29968
29983
30069
30083
30169
30183
30269
30283
30369
30384
30470
30484
30570
30584
30670
30684
30770
30785
30870
30885
30971
30985
31071
31085
31171
31186
31271
31286
31372
31386
31472
31486
31572
31587
31672
31687
31773
31787
31873
31887
31973
31988
32073
32088
32173
32188
32274
32288
32374
32389
32474
32489
32574
32589
32675
32690
32775
32790
32875
32890
32975
32990
33075
33091
33176
33191
33276
33291
33376
33391
33476
33492
33577
33592
33677
33692
33777
33792
33877
33893
33978
33993
34078
34093
34178
34193
34278
34294
34378
34394
34479
34494
34579
34594
34679
34695
34779
34795
34880
34895
34980
34995
35080
35096
35180
35196
35280
35296
35381
35396
35481
35497
35581
35597
35681
35697
35782
35797
35882
35898
35982
35998
36082
36098
36183
36199
36283
36299
36383
36399
36483
36499
36583
36600
36684
36700
36784
36800
36884
36900
36984
37001
37085
37101
37185
37201
37285
37301
37385
37402
37485
37502
37586
37602
37686
37702
37786
37803
37886
37903
37987
38003
38087
38103
38187
38204
38287
38304
38388
38404
38488
38504
38588
38605
38688
38705
38788
38805
38889
38905
38989
39006
39089
39106
39189
39206
39290
39307
39390
39407
39490
39507
39590
39607
39690
39708
39791
39808
39891
39908
39991
40008
40091
40109
40192
40209
40292
40309
40392
40409
40492
40510
40593
40610
40693
40710
40793
40810
40893
40911
40993
41011
41094
41111
41194
41211
41294
41312
41394
41412
41495
41512
41595
41612
41695
41713
41795
41813
41895
41913
41996
42013
42096
42114
42196
42214
42296
42314
42397
42415
42497
42515
42597
42615
42697
42715
42798
42816
42898
42916
42998
43016
43098
43116
43198
43217
43299
43317
43399
43417
43499
43517
43599
43618
43700
43718
43800
43818
43900
43918
44000
44019
44100
44119
44201
44219
44301
44319
44401
44420
44501
44520
44602
44620
44702
44720
44802
44821
44902
44921
45003
45021
45103
45121
45203
45222
45303
45322
45403
45422
45504
45522
45604
45623
45704
45723
45804
45823
45905
45924
46005
46024
46105
46124
46205
46224
46305
46325
46406
46425
46506
46525
46606
46625
46706
46726
46807
46826
46907
46926
47007
47026
47107
47127
47208
47227
47308
47327
47408
47427
47508
47528
47608
47628
47709
47728
47809
47828
47909
47929
48009
48029
48110
48129
48210
48229
48310
48330
48410
48430
48510
48530
48611
48630
48711
48731
48811
48831
48911
48931
49012
49032
49112
49132
49212
49232
49312
49332
49413
49433
49513
49533
49613
49633
49713
49733
49813
49834
49914
49934
50014
50034
50114
50134
50214
50235
50315
50335
50415
50435
50515
50535
50615
50636
50715
50736
50816
50836
50916
50936
51016
51037
51116
51137
51217
51237
51317
51337
51417
51438
51517
51538
51618
51638
51718
51738
51818
51839
51918
51939
52018
52039
52119
52139
52219
52240
52319
52340
52419
52440
52520
52541
52620
52641
52720
52741
52820
52841
52920
52942
53021
53042
53121
53142
53221
53242
53321
53343
53422
53443
53522
53543
53622
53643
53722
53744
53823
53844
53923
53944
54023
54044
54123
54145
54223
54245
54324
54345
54424
54445
54524
54546
54624
54646
54725
54746
54825
54846
54925
54947
55025
55047
55125
55147
55226
55247
55326
55348
55426
55448
55526
55548
55627
55649
55727
55749
55827
55849
55927
55949
56028
56050
56128
56150
56228
56250
56328
56350
56428
56451
56529
56551
56629
56651
56729
56751
56829
56852
56930
56952
57030
57052
57130
57152
57230
57253
57330
57353
57431
57453
57531
57553
57631
57654
57731
57754
57832
57854
57932
57954
58032
58055
58132
58155
58233
58255
58333
58355
58433
58456
58533
58556
58633
58656
58734
58756
58834
58857
58934
58957
59034
59057
59135
59158
59235
59258
59335
59358
59435
59458
59535
59559
59636
59659
59736
59759
59836
59859
59936
59960
60037
60060
60137
60160
60237
60260
60337
60361
60438
60461
60538
60561
60638
60661
60738
60762
60838
60862
60939
60962
61039
61062
61139
61163
61239
61263
61340
61363
61440
61463
61540
61564
61640
61664
61740
61764
61841
61864
61941
61965
62041
62065
62141
62165
62242
62266
62342
62366
62442
62466
62542
62566
62643
62667
62743
62767
62843
62867
62943
62967
63043
63068
63144
63168
63244
63268
63344
63368
63444
63469
63545
63569
63645
63669
63745
63769
63845
63870
63945
63970
64046
64070
64146
64170
64246
64271
64346
64371
64447
64471
64547
64571
64647
64672
64747
64772
64848
64872
64948
64972
65048
65073
65148
65173
65248
65273
65349
65374
65449
65474
65549
65574
65649
65674
65750
65775
65850
65875
65950
65975
66050
66075
66150
66176
66251
66276
66351
66376
66451
66476
66551
66577
66652
66677
66752
66777
66852
66877
66952
66978
67053
67078
67153
67178
67253
67278
67353
67379
67453
67479
67554
67579
67654
67679
67754
67780
67854
67880
67955
67980
68055
68080
68155
68181
68255
68281
68355
68381
68456
68481
68556
68582
68656
68682
68756
68782
68857
68883
68957
68983
69057
69083
69157
69183
69258
69284
69358
69384
69458
69484
69558
69584
69658
69685
69759
69785
69859
69885
69959
69985
70059
70086
70160
70186
70260
70286
70360
70386
70460
70487
70560
70587
70661
70687
70761
70787
70861
70888
70961
70988
71062
71088
71162
71188
71262
71289
71362
71389
71463
71489
71563
71589
71663
71690
71763
71790
71863
71890
71964
71991
72064
72091
72164
72191
72264
72291
72365
72392
72465
72492
72565
72592
72665
72692
72765
72793
72866
72893
72966
72993
73066
73093
73166
73194
73267
73294
73367
73394
73467
73494
73567
73595
73668
73695
73768
73795
73868
73895
73968
73996
74068
74096
74169
74196
74269
74296
74369
74397
74469
74497
74570
74597
74670
74697
74770
74798
74870
74898
74970
74998
75071
75098
75171
75199
75271
75299
75371
75399
75472
75500
75572
75600
75672
75700
75772
75800
75873
75901
75973
76001
76073
76101
76173
76201
76273
76302
76374
76402
76474
76502
76574
76602
76674
76703
76775
76803
76875
76903
76975
77003
77075
77104
77175
77204
77276
77304
77376
77404
77476
77505
77576
77605
77677
77705
77777
77805
77877
77906
77977
78006
78078
78106
78178
78206
78278
78307
78378
78407
78478
78507
78579
78608
78679
78708
78779
78808
78879
78908
78980
79009
79080
79109
79180
79209
79280
79309
79380
79410
79481
79510
79581
79610
79681
79710
79781
79811
79882
79911
79982
80011
80082
80111
80182
80212
80283
80312
80383
80412
80483
80512
80583
80613
80683
80713
80784
80813
80884
80913
80984
81014
81084
81114
81185
81214
81285
81314
81385
81415
81485
81515
81585
81615
81686
81716
81786
81816
81886
81916
81986
82016
82087
82117
82187
82217
82287
82317
82387
82417
82488
82518
82588
82618
82688
82718
82788
82818
82888
82919
82989
83019
83089
83119
83189
83219
83289
83320
83390
83420
83490
83520
83590
83620
83690
83721
83790
83821
83891
83921
83991
84021
84091
84122
84191
84222
84292
84322
84392
84422
84492
84523
84592
84623
84693
84723
84793
84823
84893
84924
84993
85024
85093
85124
85194
85225
85294
85325
85394
85425
85494
85525
85595
85626
85695
85726
85795
85826
85895
85926
85995
86027
86096
86127
86196
86227
86296
86327
86396
86428
86497
86528
86597
86628
86697
86728
86797
86829
86898
86929
86998
87029
87098
87129
87198
87230
87298
87330
87399
87430
87499
87530
87599
87631
87699
87731
87800
87831
87900
87931
88000
88032
88100
88132
88200
88232
88301
88333
88401
88433
88501
88533
88601
88633
88702
88734
88802
88834
88902
88934
89002
89034
89103
89135
89203
89235
89303
89335
89403
89435
89503
89536
89604
89636
89704
89736
89804
89836
89904
89937
90005
90037
90105
90137
90205
90237
90305
90338
90406
90438
90506
90538
90606
90638
90706
90739
90806
90839
90907
90939
91007
91039
91107
91140
91207
91240
91308
91340
91408
91440
91508
91541
91608
91641
91708
91741
91809
91842
91909
91942
92009
92042
92109
92142
92210
92243
92310
92343
92410
92443
92510
92543
92610
92644
92711
92744
92811
92844
92911
92944
93011
93045
93112
93145
93212
93245
93312
93345
93412
93446
93513
93546
93613
93646
93713
93746
93813
93847
93913
93947
94014
94047
94114
94147
94214
94248
94314
94348
94415
94448
94515
94548
94615
94649
94715
94749
94815
94849
94916
94950
95016
95050
95116
95150
95216
95250
95317
95351
95417
95451
95517
95551
95617
95651
95718
95752
95818
95852
95918
95952
96018
96052
96118
96153
96219
96253
96319
96353
96419
96453
96519
96554
96620
96654
96720
96754
96820
96854
96920
96955
97020
97055
97121
97155
97221
97255
97321
97356
97421
97456
97522
97556
97622
97656
97722
97757
97822
97857
97923
97957
98023
98057
98123
98158
98223
98258
98323
98358
98424
98459
98524
98559
98624
98659
98724
98759
98825
98860
98925
98960
99025
99060
99125
99160
99225
99261
99326
99361
99426
99461
99526
99561
99626
99662
99727
99762
99827
99862
99927
99962
100027
100063
100128
100163
100228
100263
100328
100363
100428
100464
100528
100564
100629
100664
100729
100764
100829
100865
100929
100965
101030
101065
101130
101165
101230
101266
101330
101366
101430
101466
101531
101567
101631
101667
101731
101767
101831
101867
101932
101968
102032
102068
102132
102168
102232
102268
102333
102369
102433
102469
102533
102569
102633
102669
102733
102770
102834
102870
102934
102970
103034
103070
103134
103171
103235
103271
103335
103371
103435
103471
103535
103572
103635
103672
103736
103772
103836
103872
103936
103973
104036
104073
104137
104173
104237
104273
104337
104374
104437
104474
104538
104574
104638
104675
104738
104775
104838
104875
104938
104975
105039
105076
105139
105176
105239
105276
105339
105376
105440
105477
105540
105577
105640
105677
105740
105777
105840
105878
105941
105978
106041
106078
106141
106178
106241
106279
106342
106379
106442
106479
106542
106579
106642
106680
106743
106780
106843
106880
106943
106980
107043
107081
107143
107181
107244
107281
107344
107381
107444
107482
107544
107582
107645
107682
107745
107782
107845
107883
107945
107983
108045
108083
108146
108184
108246
108284
108346
108384
108446
108484
108547
108585
108647
108685
108747
108785
108847
108885
108948
108986
109048
109086
109148
109186
109248
109286
109348
109387
109449
109487
109549
109587
109649
109687
109749
109788
109850
109888
109950
109988
110050
110088
110150
110189
110250
110289
110351
110389
110451
110489
110551
110590
110651
110690
110752
110790
110852
110890
110952
110991
111052
111091
111153
111191
111253
111292
111353
111392
111453
111492
111553
111592
111654
111693
111754
111793
111854
111893
111954
111993
112055
112094
112155
112194
112255
112294
112355
112394
112455
112495
112556
112595
112656
112695
112756
112795
112856
112896
112957
112996
113057
113096
113157
113196
113257
113297
113358
113397
113458
113497
113558
113597
113658
113698
113758
113798
113859
113898
113959
113998
114059
114099
114159
114199
114260
114299
114360
114399
114460
114500
114560
114600
114660
114700
114761
114801
114861
114901
114961
115001
115061
115101
115162
115202
115262
115302
115362
115402
115462
115502
115563
115603
115663
115703
115763
115803
115863
115903
115963
116004
116064
116104
116164
116204
116264
116304
116364
116405
116465
116505
116565
116605
116665
116705
116765
116806
116865
116906
116966
117006
117066
117106
117166
117207
117266
117307
117367
117407
117467
117507
117567
117608
117667
117708
117768
117808
117868
117909
117968
118009
118068
118109
118168
118209
118269
118310
118369
118410
118469
118510
118569
118610
118670
118711
118770
118811
118870
118911
118970
119011
119070
119112
119171
119212
119271
119312
119371
119412
119471
119513
119572
119613
119672
119713
119772
119813
119872
119914
119973
120014
120073
120114
120173
120214
120273
120315
120373
120415
120474
120515
120574
120615
120674
120716
120774
120816
120875
120916
120975
121017
121075
121117
121175
121217
121275
121317
121376
121418
121476
121518
121576
121618
121676
121718
121777
121819
121877
121919
121977
122019
122077
122119
122178
122220
122278
122320
122378
122420
122478
122520
122578
122621
122679
122721
122779
122821
122879
122921
122979
123022
123080
123122
123180
123222
123280
123322
123380
123423
123480
123523
123581
123623
123681
123723
123781
123824
123881
123924
123982
124024
124082
124124
124182
124225
124282
124325
124383
124425
124483
124526
124583
124626
124683
124726
124783
124826
124884
124927
124984
125027
125084
125127
125184
125227
125285
125328
125385
125428
125485
125528
125585
125628
125685
125729
125786
125829
125886
125929
125986
126029
126086
126130
126187
126230
126287
126330
126387
126430
126487
126531
126588
126631
126688
126731
126788
126831
126888
126932
126988
127032
127089
127132
127189
127232
127289
127333
127389
127433
127490
127533
127590
127634
127690
127734
127790
127834
127890
127934
127991
128035
128091
128135
128191
128235
128291
128335
128392
128436
128492
128536
128592
128636
128692
128736
128793
128837
128893
128937
128993
129037
129093
129137
129193
129238
129294
129338
129394
129438
129494
129538
129594
129639
129695
129739
129795
129839
129895
129939
129995
130040
130095
130140
130196
130240
130296
130340
130396
130441
130496
130541
130597
130641
130697
130741
130797
130842
130897
130942
130998
131042
131098
131143
131198
131243
131298
131343
131398
131443
131499
131544
131599
131644
131699
131744
131799
131844
131900
131945
132000
132045
132100
132145
132200
132245
