Samplenummer
----------------
0
26
51
76
101
126
151
176
201
226
251
276
301
326
351
376
401
426
452
477
502
527
552
577
602
627
652
677
702
727
752
777
802
827
852
877
903
928
953
978
1003
1028
1053
1078
1103
1128
1153
1178
1203
1228
1253
1278
1303
1329
1354
1379
1404
1429
1454
1479
1504
1529
1554
1579
1604
1629
1654
1679
1704
1729
1754
1780
1805
1830
1855
1880
1905
1930
1955
1980
2005
2030
2055
2080
2105
2130
2155
2180
2205
2231
2256
2281
2306
2331
2356
2381
2406
2431
2456
2481
2506
2531
2556
2581
2606
2631
2657
2682
2707
2732
2757
2782
2807
2832
2857
2882
2907
2932
2957
2982
3007
3032
3057
3082
3108
3133
3158
3183
3208
3233
3258
3283
3308
3333
3358
3383
3408
3433
3458
3483
3508
3534
3559
3584
3609
3634
3659
3684
3709
3734
3759
3784
3809
3834
3859
3884
3909
3934
3959
3985
4010
4035
4060
4085
4110
4135
4160
4185
4210
4235
4260
4285
4310
4335
4360
4385
4410
4423
4461
4475
4511
4527
4561
4579
4611
4631
4661
4682
4711
4734
4761
4785
4811
4836
4862
4886
4912
4937
4962
4987
5012
5037
5062
5086
5112
5136
5162
5185
5212
5234
5262
5283
5313
5331
5363
5380
5413
5428
5463
5477
5513
5525
5563
5573
5613
5622
5663
5670
5713
5719
5764
5768
5814
5817
5864
5866
5914
5915
5964
5965
6164
6165
6215
6216
6265
6267
6315
6318
6365
6369
6415
6421
6465
6473
6515
6525
6565
6577
6615
6628
6666
6680
6716
6732
6766
6784
6816
6836
6866
6887
6916
6939
6966
6990
7016
7041
7067
7091
7117
7142
7167
7192
7217
7242
7267
7291
7317
7341
7367
7390
7417
7439
7467
7488
7518
7536
7568
7585
7618
7633
7668
7682
7718
7730
7768
7778
7818
7827
7868
7875
7918
7924
7969
7973
8019
8022
8069
8071
8119
8120
8169
8170
8369
8370
8420
8421
8470
8472
8520
8523
8570
8574
8620
8626
8670
8678
8720
8730
8770
8782
8820
8833
8871
8885
8921
8937
8971
8989
9021
9041
9071
9092
9121
9144
9171
9195
9221
9246
9272
9296
9322
9347
9372
9397
9422
9447
9472
9496
9522
9546
9572
9595
9622
9644
9672
9693
9723
9741
9773
9790
9823
9838
9873
9887
9923
9935
9973
9983
10023
10032
10073
10080
10123
10129
10174
10178
10224
10227
10274
10276
10324
10325
10374
10375
10574
10575
10625
10626
10675
10677
10725
10728
10775
10779
10825
10831
10875
10883
10925
10935
10975
10987
11025
11038
11076
11090
11126
11142
11176
11194
11226
11246
11276
11297
11326
11349
11376
11400
11426
11451
11477
11501
11527
11552
11577
11602
11627
11652
11677
11701
11727
11751
11777
11800
11827
11849
11877
11898
11928
11946
11978
11995
12028
12043
12078
12092
12128
12140
12178
12188
12228
12237
12278
12285
12328
12334
12379
12383
12429
12432
12479
12481
12529
12530
12579
12580
12779
12780
12830
12831
12880
12882
12930
12933
12980
12984
13030
13036
13080
13088
13130
13140
13180
13192
13230
13243
13281
13295
13331
13347
13381
13399
13431
13451
13481
13502
13531
13554
13581
13605
13631
13656
13682
13706
13732
13757
13782
13807
13832
13857
13882
13906
13932
13956
13982
14005
14032
14054
14082
14103
14133
14151
14183
14200
14233
14248
14283
14297
14333
14345
14383
14393
14433
14442
14483
14490
14533
14539
14584
14588
14634
14637
14684
14686
14734
14735
14784
14785
14984
14985
15035
15036
15085
15087
15135
15138
15185
15189
15235
15241
15285
15293
15335
15345
15385
15397
15435
15448
15486
15500
15536
15552
15586
15604
15636
15656
15686
15707
15736
15759
15786
15810
15836
15861
15887
15911
15937
15962
15987
16012
16037
16062
16087
16111
16137
16161
16187
16210
16237
16259
16287
16308
16338
16356
16388
16405
16438
16453
16488
16502
16538
16550
16588
16598
16638
16647
16688
16695
16738
16744
16789
16793
16839
16842
16889
16891
16939
16940
16989
16990
17189
17190
17240
17241
17290
17292
17340
17343
17390
17394
17440
17446
17490
17498
17540
17550
17590
17602
17640
17653
17691
17705
17741
17757
17791
17809
17841
17861
17891
17912
17941
17964
17991
18015
18041
18066
18092
18116
18142
18167
18192
18217
18242
18267
18292
18316
18342
18366
18392
18415
18442
18464
18492
18513
18543
18561
18593
18610
18643
18658
18693
18707
18743
18755
18793
18803
18843
18852
18893
18900
18943
18949
18994
18998
19044
19047
19094
19096
19144
19145
19194
19195
19394
19395
19445
19446
19495
19497
19545
19548
19595
19599
19645
19651
19695
19703
19745
19755
19795
19807
19845
19858
19896
19910
19946
19962
19996
20014
20046
20066
20096
20117
20146
20169
20196
20220
20246
20271
20297
20321
20347
20372
20397
20422
20447
20472
20497
20521
20547
20571
20597
20620
20647
20669
20697
20718
20748
20766
20798
20815
20848
20863
20898
20912
20948
20960
20998
21008
21048
21057
21098
21105
21148
21154
21199
21203
21249
21252
21299
21301
21349
21350
21399
21400
21599
21600
21650
21651
21700
21702
21750
21753
21800
21804
21850
21856
21900
21908
21950
21960
22000
22012
