Samplenummer
----------------
0
153
552
761
1103
1354
1654
1927
2205
2479
2757
3010
3308
3527
3859
4034
4410
4536
4962
5040
5513
5551
6064
6074
7167
7178
7718
7761
8269
8363
8820
8973
9372
9581
9923
10174
10474
10747
11026
11299
11577
11830
12128
12347
12679
12854
13231
13356
13782
13860
14333
14371
14884
14894
15987
15998
16538
16581
17089
17183
17640
17793
18192
18401
18743
18994
19294
19567
19846
20119
20397
20650
20948
21167
21499
21674
22051
22176
22602
22680
23153
23191
23704
23714
24807
24818
25358
25401
25909
26003
26461
26613
27012
27221
27563
27814
28114
28387
28666
28939
29217
29470
29768
29987
30319
30494
30870
30996
31422
31500
31973
32011
32524
32534
33627
33638
34178
34221
34729
34823
35280
35433
35832
36041
36383
36634
36934
37207
37486
37759
38037
38290
38588
38807
39139
39314
39691
39816
40242
40320
40793
40831
41344
41354
42447
42458
42998
43041
43549
43643
44101
44253
44652
44861
45203
45454
45754
46027
46306
46579
46857
47110
47408
47627
47959
48134
48510
48636
49062
49140
49613
49651
50164
50174
51267
51278
51818
51861
52369
52463
52921
53073
53472
53681
54023
54274
54574
54847
55126
55399
55677
55930
56228
56447
56779
56954
57331
57456
57882
57960
58433
58471
58984
58994
60087
60098
60638
60681
61189
61283
61740
61893
62292
62501
62843
63094
63394
63667
63946
64219
64497
64750
65048
65267
65599
65774
66151
66276
66702
66780
67253
67291
67804
67814
68907
68918
69458
69501
70009
70103
70560
70713
71112
71321
71663
71914
72214
72487
72765
73039
73317
73570
73868
74087
74419
74594
74971
75096
75522
75600
76073
76111
76624
76634
77727
77738
78278
78321
78829
78923
79381
79533
79932
80141
80483
80734
81034
81307
81586
81859
82137
82390
82688
82907
83239
83414
83790
83916
84342
84420
84893
84931
85444
85454
86547
86558
87098
87141
87649
87743
88201
88353
88752
88961
89303
89554
89854
90127
90406
90679
90957
91210
91508
91727
92059
92234
92611
92736
93162
93240
93713
93751
94264
94274
95367
95378
95918
95961
96469
96563
97020
97173
97572
97781
98123
98374
98674
98947
99226
99499
99777
100030
100328
100547
100879
101054
101430
101556
101982
102060
102533
102571
103084
103094
104187
104198
104738
104781
105289
105383
105841
105993
106392
106601
106943
107194
107494
107767
108045
108319
108597
108850
109148
109367
109699
109874
110251
110376
110802
110880
111353
111391
111904
111914
113007
113018
113558
113601
114109
114203
114661
114813
115212
115421
115763
116014
116314
116587
116866
117139
117417
117670
117968
118187
118519
118694
119070
119196
119622
119700
120173
120211
120724
120734
121827
121838
122378
122421
122929
123023
123480
123633
124032
124241
124583
124834
125134
125407
125686
125959
126237
126490
126788
127007
127339
127514
127891
128016
128442
128520
128993
129031
129544
129554
130647
130658
131198
131241
131749
131843
