Samplenummer
----------------
0
14
134
147
268
281
401
415
535
548
669
682
802
816
936
949
1070
1083
1203
1217
1337
1350
1471
1484
1604
1617
1738
1751
1871
1885
2005
2018
2139
2152
2272
2286
2406
2419
2540
2553
2673
2687
2807
2820
2941
2954
3074
3087
3208
3221
3341
3355
3475
3488
3609
3622
3742
3756
3876
3889
4010
4023
4143
4157
4277
4290
4410
4464
4544
4598
4678
4731
4811
4865
4945
4998
5079
5132
5212
5266
5346
5399
5480
5533
5613
5667
5747
5800
5881
5934
6014
6068
6148
6201
6281
6335
6415
6468
6549
6602
6682
6736
6816
6869
6950
7003
7083
7137
7217
7270
7351
7404
7484
7538
7618
7671
7751
7805
7885
7939
8019
8072
8152
8206
8286
8339
8420
8473
8553
8607
8687
8740
8820
8847
8954
8981
9088
9115
9221
9248
9355
9382
9489
9515
9622
9649
9756
9783
9890
9916
10023
10050
10157
10184
10290
10317
10424
10451
10558
10585
10691
10718
10825
10852
10959
10985
11092
11119
11226
11253
11360
11386
11493
11520
11627
11654
11761
11787
11894
11921
12028
12055
12161
12188
12295
12322
12429
12455
12562
12589
12696
12723
12830
12856
12963
12990
13097
13124
13231
13271
13364
13404
13498
13538
13631
13672
13765
13805
13899
13939
14032
14072
14166
14206
14300
14340
14433
14473
14567
14607
14701
14741
14834
14874
14968
15008
15101
15142
15235
15275
15369
15409
15502
15542
15636
15676
15770
15810
15903
15943
16037
16077
16170
16211
16304
16344
16438
16478
16571
16612
16705
16745
16839
16879
16972
17012
17106
17146
17240
17280
17373
17413
17507
17547
17640
17654
17774
17788
17908
17921
18041
18055
18175
18188
18309
18322
18442
18456
18576
18589
18710
18723
18843
18857
18977
18990
19110
19124
19244
19257
19378
19391
19511
19525
19645
19658
19779
19792
19912
19926
20046
20059
20180
20193
20313
20327
20447
20460
20580
20594
20714
20727
20848
20861
20981
20995
21115
21128
21249
21262
21382
21396
21516
21529
21650
21663
21783
21797
21917
21930
22050
22104
22184
22238
22318
22371
22451
22505
22585
22639
22719
22772
22852
22906
22986
23039
23120
23173
23253
23307
23387
23440
23521
23574
23654
23708
23788
23841
23921
23975
24055
24109
24189
24242
24322
24376
24456
24509
24590
24643
24723
24777
24857
24910
24991
25044
25124
25178
25258
25311
25391
25445
25525
25579
25659
25712
25792
25846
25926
25979
26060
26113
26193
26247
26327
26380
26461
26487
26594
26621
26728
26754
26861
26888
26995
27022
27129
27155
27262
27289
27396
27423
27530
27556
27663
27690
27797
27824
27931
27957
28064
28091
28198
28224
28331
28358
28465
28492
28599
28625
28732
28759
28866
28893
29000
29026
29133
29160
29267
29294
29401
29427
29534
29561
29668
29694
29801
29828
29935
29962
30069
30095
30202
30229
30336
30363
30470
30496
30603
30630
30737
30764
30870
30911
31004
31044
31138
31178
31271
31312
31405
31445
31539
31579
31672
31712
31806
31846
31940
31980
32073
32113
32207
32247
32340
32381
32474
32514
32608
32648
32741
32781
32875
32915
33009
33049
33142
33182
33276
33316
33410
33450
33543
33583
33677
33717
33810
33851
33944
33984
34078
34118
34211
34251
34345
34385
34479
34519
34612
34652
34746
34786
34880
34920
35013
35053
35147
35187
35280
35294
35414
35427
35548
35561
35681
35695
35815
35828
35949
35962
36082
36096
36216
36229
36350
36363
36483
36497
36617
36630
36750
36764
36884
36897
37018
37031
37151
37165
37285
37298
37419
37432
37552
37566
37686
37699
37820
37833
37953
37967
38087
38100
38220
38234
38354
38368
38488
38501
38621
38635
38755
38768
38889
38902
39022
39036
39156
39169
39290
39303
39423
39437
39557
39570
39690
39744
39824
39878
39958
40011
40091
40145
40225
40279
40359
40412
40492
40546
40626
40679
40760
40813
40893
40947
41027
41080
41160
41214
41294
41348
41428
41481
41561
41615
41695
41749
41829
41882
41962
42016
42096
42149
42230
42283
42363
42417
42497
42550
42630
42684
42764
42818
42898
42951
43031
43085
43165
43219
43299
43352
43432
43486
43566
43619
43700
43753
43833
43887
43967
44020
44100
44127
44234
44261
44368
44395
44501
44528
44635
44662
44769
44795
44902
44929
45036
45063
45170
45196
45303
45330
45437
45464
45570
45597
45704
45731
45838
45864
45971
45998
46105
46132
46239
46265
46372
46399
46506
46533
46640
46666
46773
46800
46907
46934
47041
47067
47174
47201
47308
47335
47441
47468
47575
47602
47709
47735
47842
47869
47976
48003
48110
48136
48243
48270
48377
48404
48510
48551
48644
48684
48778
48818
48911
48951
49045
49085
49179
49219
49312
49352
49446
49486
49580
49620
49713
49753
49847
49887
49981
50021
50114
50154
50248
50288
50381
50422
50515
50555
50649
50689
50782
50822
50916
50956
51050
51090
51183
51223
51317
51357
51450
51491
51584
51624
51718
51758
51851
51891
51985
52025
52119
52159
52252
52292
52386
52426
52520
52560
52653
52693
52787
52827
52921
52934
53054
53067
53188
53201
53321
53335
53455
53468
53589
53602
53722
53736
53856
53869
53990
54003
54123
54137
54257
54270
54390
54404
54524
54537
54658
54671
54791
54805
54925
54938
55059
55072
55192
55206
55326
55339
55460
55473
55593
55607
55727
55740
55861
55874
55994
56007
56128
56141
56261
56275
56395
56408
56529
56542
56662
56676
56796
56809
56930
56943
57063
57077
57197
57210
57330
57384
57464
57518
57598
57651
57731
57785
57865
57918
57999
58052
58132
58186
58266
58319
58400
58453
58533
58587
58667
58720
58801
58854
58934
58988
59068
59121
59201
59255
59335
59388
59469
59522
59602
59656
59736
59789
59870
59923
60003
60057
60137
60190
60270
60324
60404
60458
60538
60591
60671
60725
60805
60858
60939
60992
61072
61126
61206
61259
61340
61393
61473
61527
61607
61660
61740
61767
61874
61901
62008
62034
62141
62168
62275
62302
62409
62435
62542
62569
62676
62703
62810
62836
62943
62970
63077
63104
63210
63237
63344
63371
63478
63505
63611
63638
63745
63772
63879
63905
64012
64039
64146
64173
64280
64306
64413
64440
64547
64574
64680
64707
64814
64841
64948
64974
65081
65108
65215
65242
65349
65375
65482
65509
65616
65643
65750
65776
65883
65910
66017
66044
66150
66191
66284
66324
66418
66458
66551
66591
66685
66725
66819
66859
66952
66992
67086
67126
67220
67260
67353
67393
67487
67527
67620
67661
67754
67794
67888
67928
68021
68061
68155
68195
68289
68329
68422
68462
68556
68596
68690
68730
68823
68863
68957
68997
69091
69131
69224
69264
69358
69398
69491
69532
69625
69665
69759
69799
69892
69932
70026
70066
70160
70200
70293
70333
70427
70467
70560
70574
70694
70708
70828
70841
70961
70975
71095
71108
71229
71242
71362
71376
71496
71509
71630
71643
71763
71777
71897
71910
72031
72044
72164
72177
72298
72311
72431
72445
72565
72578
72699
72712
72832
72846
72966
72979
73100
73113
73233
73247
73367
73380
73500
73514
73634
73648
73768
73781
73901
73915
74035
74048
74169
74182
74302
74316
74436
74449
74570
74583
74703
74717
74837
74850
74971
75024
75104
75158
75238
75291
75371
75425
75505
75558
75639
75692
75772
75826
75906
75959
76040
76093
76173
76227
76307
76360
76440
76494
76574
76628
76708
76761
76841
76895
76975
77028
77109
77162
77242
77296
77376
77429
77510
77563
77643
77697
77777
77830
77911
77964
78044
78098
78178
78231
78311
78365
78445
78498
78579
78632
78712
78766
78846
78899
78980
79033
79113
79167
79247
79300
79380
79407
79514
79541
79648
79675
79781
79808
79915
79942
80049
80075
80182
80209
80316
80343
80450
80476
80583
80610
80717
80744
80850
80877
80984
81011
81118
81144
81251
81278
81385
81412
81519
81545
81652
81679
81786
81813
81920
81946
82053
82080
82187
82214
82320
82347
82454
82481
82588
82615
82721
82748
82855
82882
82989
83015
83122
83149
83256
83283
83390
83416
83523
83550
83657
83684
83790
83831
83924
83964
84058
84098
84191
84231
84325
84365
84459
84499
84592
84632
84726
84766
84860
84900
84993
85033
85127
85167
85260
85301
85394
85434
85528
85568
85661
85701
85795
85835
85929
85969
86062
86102
86196
86236
86330
86370
86463
86503
86597
86637
86730
86771
86864
86904
86998
87038
87131
87171
87265
87305
87399
87439
87532
87572
87666
87706
87800
87840
87933
87973
88067
88107
88200
88214
88334
88347
88468
88481
88601
88615
88735
88748
88869
88882
89002
89016
89136
89149
89270
89283
89403
89417
89537
89550
89671
89684
89804
89818
89938
89951
90071
90085
90205
90218
90339
90352
90472
90486
90606
90619
90740
90753
90873
90887
91007
91020
91140
91154
91274
91288
91408
91421
91541
91555
91675
91688
91809
91822
91942
91956
92076
92089
92210
92223
92343
92357
92477
92490
92610
92664
92744
92798
92878
92931
93011
93065
93145
93199
93279
93332
93412
93466
93546
93599
93680
93733
93813
93867
93947
94000
94081
94134
94214
94268
94348
94401
94481
94535
94615
94669
94749
94802
94882
94936
95016
95069
95150
95203
95283
95337
95417
95470
95551
95604
95684
95738
95818
95871
95951
96005
96085
96138
96219
96272
96352
96406
96486
96539
96620
96673
96753
96807
96887
96940
97020
97047
97154
97181
97288
97315
97421
97448
97555
97582
97689
97715
97822
97849
97956
97983
98090
98116
98223
98250
98357
98384
98490
98517
98624
98651
98758
98784
98891
98918
99025
99052
99159
99185
99292
99319
99426
99453
99560
99586
99693
99720
99827
99854
99961
99987
100094
100121
100228
100254
100361
100388
100495
100522
100629
100655
100762
100789
100896
100923
101030
101056
101163
101190
101297
101324
101430
101471
101564
101604
101698
101738
101831
101871
101965
102005
102099
102139
102232
102272
102366
102406
102500
102540
102633
102673
102767
102807
102900
102941
103034
103074
103168
103208
103301
103342
103435
103475
103569
103609
103702
103742
103836
103876
103970
104010
104103
104143
104237
104277
104370
104411
104504
104544
104638
104678
104771
104811
104905
104945
105039
105079
105172
105212
105306
105346
105440
105480
105573
105613
105707
105747
105841
105854
105974
105988
106108
106121
106241
106255
106375
106388
106509
106522
106642
106656
106776
106789
106910
106923
107043
107057
107177
107190
107310
107324
107444
107458
107578
107591
107711
107725
107845
107858
107979
107992
108112
108126
108246
108259
108380
108393
108513
108527
108647
108660
108780
108794
108914
108927
109048
109061
109181
109195
109315
109328
109449
109462
109582
109596
109716
109729
109850
109863
109983
109997
110117
110130
110250
110304
110384
110438
110518
110571
110651
110705
110785
110839
110919
110972
111052
111106
111186
111239
111320
111373
111453
111507
111587
111640
111721
111774
111854
111908
111988
112041
112121
112175
112255
112308
112389
112442
112522
112576
112656
112709
112790
112843
112923
112977
113057
113110
113190
113244
113324
113378
113458
113511
113591
113645
113725
113778
113859
113912
113992
114046
114126
114179
114260
114313
114393
114447
114527
114580
114660
114687
114794
114821
114928
114954
115061
115088
115195
115222
115329
115355
115462
115489
115596
115623
115730
115756
115863
115890
115997
116024
116131
116157
116264
116291
116398
116424
116531
116558
116665
116692
116799
116825
116932
116959
117066
117093
117200
117226
117333
117360
117467
117494
117601
117627
117734
117761
117868
117894
118001
118028
118135
118162
118269
118295
118402
118429
118536
118563
118670
118696
118803
118830
118937
118964
119070
119111
119204
119244
119338
119378
119471
119512
119605
119645
119739
119779
119872
119912
120006
120046
120140
120180
120273
120313
120407
120447
120540
120581
120674
120714
120808
120848
120941
120982
121075
121115
121209
121249
121342
121382
121476
121516
121610
121650
121743
121783
121877
121917
122011
122051
122144
122184
122278
122318
122411
122451
122545
122585
122679
122719
122812
122852
122946
122986
123080
123120
123213
123253
123347
123387
123480
123494
123614
123628
123748
123761
123881
123895
124015
124028
124149
124162
124282
124296
124416
124429
124550
124563
124683
124697
124817
124830
124950
124964
125084
125097
125218
125231
125351
125365
125485
125498
125619
125632
125752
125766
125886
125899
126020
126033
126153
126167
126287
126300
126420
126434
126554
126567
126688
126701
126821
126835
126955
126968
127089
127102
127222
127236
127356
127369
127490
127503
127623
127637
127757
127770
127891
127944
128024
128078
128158
128211
128291
128345
128425
128478
128559
128612
128692
128746
128826
128879
128960
129013
129093
129147
129227
129280
129360
129414
129494
129548
129628
129681
129761
129815
129895
129948
130029
130082
130162
130216
130296
130349
130430
130483
130563
130617
130697
130750
130830
130884
130964
131018
131098
131151
131231
131285
131365
131419
131499
131552
131632
131686
131766
131819
131900
131953
132033
132087
132167
132220
