Samplenummer
----------------
0
2
101
102
201
202
301
302
401
402
502
503
602
603
702
703
802
803
903
904
1003
1004
1103
1104
1203
1204
1303
1304
1404
1405
1504
1505
1604
1605
1704
1705
1805
1806
1905
1906
2005
2006
2105
2106
2205
2207
2306
2307
2406
2407
2506
2507
2606
2607
2707
2708
2807
2808
2907
2908
3007
3008
3108
3109
3208
3209
3308
3309
3408
3409
3508
3510
3609
3610
3709
3710
3809
3810
3909
3910
4010
4011
4110
4111
4210
4211
4310
4311
4410
4412
4511
4512
4611
4612
4711
4712
4811
4812
4912
4913
5012
5013
5112
5113
5212
5213
5313
5314
5413
5414
5513
5514
5613
5614
5713
5715
5814
5815
5914
5915
6014
6015
6114
6115
6215
6216
6315
6316
6415
6416
6515
6516
6615
6617
6716
6717
6816
6817
6916
6917
7016
7018
7117
7118
7217
7218
7317
7318
7417
7418
7518
7519
7618
7619
7718
7719
7818
7819
7918
7920
8019
8020
8119
8120
8219
8220
8319
8320
8420
8421
8520
8521
8620
8621
8720
8721
8820
8822
8921
8922
9021
9022
9121
9122
9221
9223
9322
9323
9422
9423
9522
9523
9622
9623
9723
9724
9823
9824
9923
9924
10023
10024
10123
10125
10224
10225
10324
10325
10424
10425
10524
10526
10625
10626
10725
10726
10825
10826
10925
10926
11025
11027
11126
11127
11226
11227
11326
11327
11426
11428
11527
11528
11627
11628
11727
11728
11827
11828
11928
11929
12028
12029
12128
12129
12228
12229
12328
12330
12429
12430
12529
12530
12629
12630
12729
12731
12830
12831
12930
12931
13030
13031
13130
13131
13230
13232
13331
13332
13431
13432
13531
13532
13631
13633
13732
13733
13832
13833
13932
13933
14032
14034
14133
14134
14233
14234
14333
14334
14433
14434
14533
14535
14634
14635
14734
14735
14834
14835
14934
14936
15035
15036
15135
15136
15235
15236
15335
15336
15435
15437
15536
15537
15636
15637
15736
15737
15836
15838
15937
15938
16037
16038
16137
16138
16237
16239
16338
16339
16438
16439
16538
16539
16638
16639
16738
16740
16839
16840
16939
16940
17039
17040
17139
17141
17240
17241
17340
17341
17440
17441
17540
17542
17640
17642
17741
17742
17841
17842
17941
17942
18041
18043
18142
18143
18242
18243
18342
18343
18442
18444
18543
18544
18643
18644
18743
18744
18843
18844
18943
18945
19044
19045
19144
19145
19244
19245
19344
19346
19445
19446
19545
19546
19645
19646
19745
19747
19845
19847
19946
19947
20046
20047
20146
20147
20246
20248
20347
20348
20447
20448
20547
20548
20647
20649
20748
20749
20848
20849
20948
20949
21048
21050
21148
21150
21249
21250
21349
21350
21449
21450
21549
21551
21650
21651
21750
21751
21850
21851
21950
21952
22050
22052
22151
22152
22251
22252
22351
22352
22451
22453
22552
22553
22652
22653
22752
22753
22852
22854
22953
22954
23053
23054
23153
23154
23253
23255
23353
23355
23454
23455
23554
23555
23654
23655
23754
23756
23855
23856
23955
23956
24055
24056
24155
24157
24255
24257
24356
24357
24456
24457
24556
24558
24656
24658
24757
24758
24857
24858
24957
24958
25057
25059
25158
25159
25258
25259
25358
25359
25458
25460
25558
25560
25659
25660
25759
25760
25859
25860
25959
25961
26060
26061
26160
26161
26260
26261
26360
26362
26460
26462
26561
26562
26661
26662
26761
26763
26861
26863
26962
26963
27062
27063
27162
27163
27262
27264
27363
27364
27463
27464
27563
27564
27663
27665
27763
27765
27864
27865
27964
27965
28064
28065
28164
28166
28265
28266
28365
28366
28465
28466
28565
28567
28665
28667
28766
28767
28866
28867
28966
28968
29066
29068
29167
29168
29267
29268
29367
29368
29467
29469
29568
29569
29668
29669
29768
29769
29868
29870
29968
29970
30069
30070
30169
30170
30269
30271
30369
30371
30470
30471
30570
30571
30670
30671
30770
30772
30870
30872
30971
30972
31071
31072
31171
31173
31271
31273
31372
31373
31472
31473
31572
31573
31672
31674
31773
31774
31873
31874
31973
31974
32073
32075
32173
32175
32274
32275
32374
32375
32474
32476
32574
32576
32675
32676
32775
32776
32875
32876
32975
32977
33075
33077
33176
33177
33276
33277
33376
33378
33476
33478
33577
33578
33677
33678
33777
33779
33877
33879
33978
33979
34078
34079
34178
34179
34278
34280
34378
34380
34479
34480
34579
34580
34679
34681
34779
34781
34880
34881
34980
34981
35080
35081
35180
35182
35280
35282
35381
35382
35481
35482
35581
35583
35681
35683
35782
35783
35882
35883
35982
35984
36082
36084
36183
36184
36283
36284
36383
36384
36483
36485
36583
36585
36684
36685
36784
36785
36884
36886
36984
36986
37085
37086
37185
37186
37285
37286
37385
37387
37485
37487
37586
37587
37686
37687
37786
37788
37886
37888
37987
37988
38087
38088
38187
38189
38287
38289
38388
38389
38488
38489
38588
38589
38688
38690
38788
38790
38889
38890
38989
38990
39089
39091
39189
39191
39290
39291
39390
39391
39490
39491
39590
39592
39690
39692
39791
39792
39891
39892
39991
39993
40091
40093
40192
40193
40292
40293
40392
40394
40492
40494
40593
40594
40693
40694
40793
40794
40893
40895
40993
40995
41094
41095
41194
41195
41294
41296
41394
41396
41495
41496
41595
41596
41695
41697
41795
41797
41895
41897
41996
41997
42096
42097
42196
42198
42296
42298
42397
42398
42497
42498
42597
42599
42697
42699
42798
42799
42898
42899
42998
42999
43098
43100
43198
43200
43299
43300
43399
43400
43499
43501
43599
43601
43700
43701
43800
43801
43900
43902
44000
44002
44100
44102
44201
44202
44301
44302
44401
44403
44501
44503
44602
44603
44702
44703
44802
44804
44902
44904
45003
45004
45103
45104
45203
45204
45303
45305
45403
45405
45504
45505
45604
45605
45704
45706
45804
45806
45905
45906
46005
46006
46105
46107
46205
46207
46305
46307
46406
46407
46506
46507
46606
46608
46706
46708
46807
46808
46907
46908
47007
47009
47107
47109
47208
47209
47308
47309
47408
47409
47508
47510
47608
47610
47709
47710
47809
47810
47909
47911
48009
48011
48110
48111
48210
48211
48310
48312
48410
48412
48510
48512
48611
48612
48711
48712
48811
48813
48911
48913
49012
49013
49112
49113
49212
49214
49312
49314
49413
49414
49513
49514
49613
49614
49713
49715
49813
49815
49914
49915
50014
50015
50114
50116
50214
50216
50315
50316
50415
50416
50515
50517
50615
50617
50715
50717
50816
50817
50916
50917
51016
51018
51116
51118
51217
51218
51317
51318
51417
51419
51517
51519
51618
51619
51718
51719
51818
51820
51918
51920
52018
52020
52119
52120
52219
52220
52319
52321
52419
52421
52520
52521
52620
52621
52720
52722
52820
52822
52920
52922
53021
53022
53121
53122
53221
53223
53321
53323
53422
53423
53522
53523
53622
53624
53722
53724
53823
53824
53923
53924
54023
54025
54123
54125
54223
54225
54324
54325
54424
54425
54524
54526
54624
54626
54725
54726
54825
54826
54925
54927
55025
55027
55125
55127
55226
55227
55326
55327
55426
55428
55526
55528
55627
55628
55727
55728
55827
55829
55927
55929
56028
56029
56128
56129
56228
56230
56328
56330
56428
56430
56529
56530
56629
56630
56729
56731
56829
56831
56930
56931
57030
57031
57130
57132
57230
57232
57330
57332
57431
57432
57531
57532
57631
57633
57731
57733
57832
57833
57932
57933
58032
58034
58132
58134
58233
58234
58333
58334
58433
58435
58533
58535
58633
58635
58734
58735
58834
58835
58934
58936
59034
59036
59135
59136
59235
59236
59335
59337
59435
59437
59535
59537
59636
59637
59736
59737
59836
59838
59936
59938
60037
60038
60137
60138
60237
60239
60337
60339
60438
60439
60538
60539
60638
60639
60738
60740
60838
60840
60939
60940
61039
61040
61139
61141
61239
61241
61340
61341
61440
61441
61540
61542
61640
61642
61740
61742
61841
61842
61941
61942
62041
62043
62141
62143
62242
62243
62342
62343
62442
62444
62542
62544
62643
62644
62743
62744
62843
62844
62943
62945
63043
63045
63144
63145
63244
63245
63344
63346
63444
63446
63545
63546
63645
63646
63745
63747
63845
63847
63945
63947
64046
64047
64146
64147
64246
64248
64346
64348
64447
64448
64547
64548
64647
64649
64747
64749
64848
64849
64948
64949
65048
65049
65148
65150
65248
65250
65349
65350
65449
65450
65549
65551
65649
65651
65750
65751
65850
65851
65950
65952
66050
66052
66150
66152
66251
66252
66351
66352
66451
66453
66551
66553
66652
66653
66752
66753
66852
66854
66952
66954
67053
67054
67153
67154
67253
67254
67353
67355
67453
67455
67554
67555
67654
67655
67754
67756
67854
67856
67955
67956
68055
68056
68155
68157
68255
68257
68355
68357
68456
68457
68556
68557
68656
68658
68756
68758
68857
68858
68957
68958
69057
69059
69157
69159
69258
69259
69358
69359
69458
69459
69558
69560
69658
69660
69759
69760
69859
69860
69959
69961
70059
70061
70160
70161
70260
70261
70360
70362
70460
70462
70560
70562
70661
70662
70761
70762
70861
70863
70961
70963
71062
71063
71162
71163
71262
71264
71362
71364
71463
71464
71563
71564
71663
71664
71763
71765
71863
71865
71964
71965
72064
72065
72164
72166
72264
72266
72365
72366
72465
72466
72565
72566
72665
72667
72765
72767
72866
72867
72966
72967
73066
73068
73166
73168
73267
73268
73367
73368
73467
73469
73567
73569
73668
73669
73768
73769
73868
73869
73968
73970
74068
74070
74169
74170
74269
74270
74369
74371
74469
74471
74570
74571
74670
74671
74770
74771
74870
74872
74970
74972
75071
75072
75171
75172
75271
75273
75371
75373
75472
75473
75572
75573
75672
75674
75772
75774
75873
75874
75973
75974
76073
76074
76173
76175
76273
76275
76374
76375
76474
76475
76574
76576
76674
76676
76775
76776
76875
76876
76975
76976
77075
77077
77175
77177
77276
77277
77376
77377
77476
77478
77576
77578
77677
77678
77777
77778
77877
77878
77977
77979
78078
78079
78178
78179
78278
78279
78378
78380
78478
78480
78579
78580
78679
78680
78779
78781
78879
78881
78980
78981
79080
79081
79180
79181
79280
79282
79380
79382
79481
79482
79581
79582
79681
79683
79781
79783
79882
79883
79982
79983
80082
80083
80182
80184
80283
80284
80383
80384
80483
80484
80583
80585
80683
80685
80784
80785
80884
80885
80984
80986
81084
81086
81185
81186
81285
81286
81385
81386
81485
81487
81585
81587
81686
81687
81786
81787
81886
81888
81986
81988
82087
82088
82187
82188
82287
82288
82387
82389
82488
82489
82588
82589
82688
82689
82788
82790
82888
82890
82989
82990
83089
83090
83189
83190
83289
83291
83390
83391
83490
83491
83590
83591
83690
83692
83790
83792
83891
83892
83991
83992
84091
84093
84191
84193
84292
84293
84392
84393
84492
84493
84592
84594
84693
84694
84793
84794
84893
84894
84993
84995
85093
85095
85194
85195
85294
85295
85394
85395
85494
85496
85595
85596
85695
85696
85795
85796
85895
85897
85995
85997
86096
86097
86196
86197
86296
86298
86396
86398
86497
86498
86597
86598
86697
86698
86797
86799
86898
86899
86998
86999
87098
87099
87198
87200
87298
87300
87399
87400
87499
87500
87599
87600
87699
87701
87800
87801
87900
87901
88000
88001
88100
88102
88200
88202
88301
88302
88401
88402
88501
88502
88601
88603
88702
88703
88802
88803
88902
88903
89002
89004
89103
89104
89203
89204
89303
89304
89403
89405
89503
89505
89604
89605
89704
89705
89804
89805
89904
89906
90005
90006
90105
90106
90205
90206
90305
90307
90406
90407
90506
90507
90606
90607
90706
90707
90806
90808
90907
90908
91007
91008
91107
91108
91207
91209
91308
91309
91408
91409
91508
91509
91608
91609
91708
91710
91809
91810
91909
91910
92009
92010
92109
92111
92210
92211
92310
92311
92410
92411
92510
92512
92610
92612
92711
92712
92811
92812
92911
92912
93011
93013
93112
93113
93212
93213
93312
93313
93412
93414
93513
93514
93613
93614
93713
93714
93813
93814
93913
93915
94014
94015
94114
94115
94214
94215
94314
94316
94415
94416
94515
94516
94615
94616
94715
94716
94815
94817
94916
94917
95016
95017
95116
95117
95216
95218
95317
95318
95417
95418
95517
95518
95617
95619
95718
95719
95818
95819
95918
95919
96018
96019
96118
96120
96219
96220
96319
96320
96419
96420
96519
96521
96620
96621
96720
96721
96820
96821
96920
96921
97020
97022
97121
97122
97221
97222
97321
97322
97421
97423
97522
97523
97622
97623
97722
97723
97822
97823
97923
97924
98023
98024
98123
98124
98223
98224
98323
98325
98424
98425
98524
98525
98624
98625
98724
98726
98825
98826
98925
98926
99025
99026
99125
99126
99225
99227
99326
99327
99426
99427
99526
99527
99626
99628
99727
99728
99827
99828
99927
99928
100027
100028
100128
100129
100228
100229
100328
100329
100428
100429
100528
100530
100629
100630
100729
100730
100829
100830
100929
100930
101030
101031
101130
101131
101230
101231
101330
101331
101430
101432
101531
101532
101631
101632
101731
101732
101831
101833
101932
101933
102032
102033
102132
102133
102232
102233
102333
102334
102433
102434
102533
102534
102633
102634
102733
102735
102834
102835
102934
102935
103034
103035
103134
103135
103235
103236
103335
103336
103435
103436
103535
103536
103635
103637
103736
103737
103836
103837
103936
103937
104036
104037
104137
104138
104237
104238
104337
104338
104437
104438
104538
104539
104638
104639
104738
104739
104838
104839
104938
104940
105039
105040
105139
105140
105239
105240
105339
105340
105440
105441
105540
105541
105640
105641
105740
105741
105840
105842
105941
105942
106041
106042
106141
106142
106241
106242
106342
106343
106442
106443
106542
106543
106642
106643
106743
106744
106843
106844
106943
106944
107043
107044
107143
107145
107244
107245
107344
107345
107444
107445
107544
107545
107645
107646
107745
107746
107845
107846
107945
107946
108045
108047
108146
108147
108246
108247
108346
108347
108446
108447
108547
108548
108647
108648
108747
108748
108847
108848
108948
108949
109048
109049
109148
109149
109248
109249
109348
109349
109449
109450
109549
109550
109649
109650
109749
109750
109850
109851
109950
109951
110050
110051
110150
110151
110250
110252
110351
110352
110451
110452
110551
110552
110651
110652
110752
110753
110852
110853
110952
110953
111052
111053
111153
111154
111253
111254
111353
111354
111453
111454
111553
111554
111654
111655
111754
111755
111854
111855
111954
111955
112055
112056
112155
112156
112255
112256
112355
112356
112455
112456
112556
112557
112656
112657
112756
112757
112856
112857
112957
112958
113057
113058
113157
113158
113257
113258
113358
113359
113458
113459
113558
113559
113658
113659
113758
113759
113859
113860
113959
113960
114059
114060
114159
114160
114260
114261
114360
114361
114460
114461
114560
114561
114660
114661
114761
114762
114861
114862
114961
114962
115061
115062
115162
115163
115262
115263
115362
115363
115462
115463
115663
115664
115763
115764
115863
115864
115963
115964
116064
116065
116164
116165
116264
116265
116364
116365
116465
116466
116565
116566
116665
116666
116765
116766
116865
116866
116966
116967
117066
117067
117166
117167
117266
117267
117367
117368
117467
117468
117567
117568
117667
117668
117868
117869
117968
117969
118068
118069
118168
118169
118269
118270
118369
118370
118469
118470
118569
118570
118770
118771
118870
118871
118970
118971
119070
119071
119171
119172
119271
119272
119371
119372
119471
119472
119572
119573
119672
119673
119772
119773
119872
119873
120073
120074
120173
120174
120273
120274
120373
120374
120474
120475
120574
120575
120674
120675
120774
120775
120975
120976
121075
121076
121175
121176
121275
121276
121376
121377
121476
121477
121576
121577
121676
121677
121877
121878
121977
121978
122077
122078
122278
122279
122378
122379
122478
122479
122578
122579
122679
122680
122779
122780
122879
122880
122979
122980
123180
123181
123280
123281
123380
123381
123480
123481
123581
123582
123681
123682
123781
123782
123881
123882
124082
124083
124182
124183
124282
124283
124483
124484
124583
124584
124683
124684
124783
124784
124984
124985
125084
125085
125184
125185
125385
125386
125485
125486
125585
125586
125685
125686
125786
125787
125886
125887
125986
125987
126086
126087
126287
126288
126387
126388
126487
126488
126688
126689
126788
126789
126888
126889
126988
126989
127189
127190
127289
127290
127389
127390
127590
127591
127690
127691
127790
127791
127890
127891
128091
128092
128191
128192
128291
128292
128492
128493
128592
128593
128692
128693
128893
128894
128993
128994
129093
129094
129193
129194
129394
129395
129494
129495
129594
129595
129795
129796
129895
129896
129995
129996
130095
130096
130296
130297
130396
130397
130496
130497
130697
130698
130797
130798
130897
130898
131198
131199
131298
131299
131398
131399
131599
131600
131699
131700
131799
131800
132000
132001
132100
132101
132200
132201
