Samplenummer (Linkerkanaal)
---------------------------
182
183
255
256
291
292
328
329
364
365
400
401
437
438
473
474
510
511
546
547
582
584
619
620
655
657
691
693
728
729
764
766
800
802
837
839
873
875
910
912
946
948
982
985
1019
1021
1055
1057
1091
1094
1128
1130
1164
1167
1200
1203
1237
1240
1273
1276
1310
1313
1346
1349
1382
1385
1419
1422
1455
1458
1491
1495
1528
1531
1564
1568
1600
1604
1637
1641
1673
1677
1710
1713
1746
1750
1782
1786
1819
1823
1855
1859
1891
1896
1928
1932
1964
1969
2000
2005
2037
2042
2073
2078
2110
2114
2146
2151
2182
2187
2219
2224
2255
2260
2291
2297
2328
2333
2364
2370
2400
2406
2437
2442
2473
2479
2510
2515
2546
2552
2582
2588
2619
2625
2655
2661
2691
2698
2728
2734
2764
2770
2800
2807
2837
2843
2873
2880
2910
2916
2946
2953
2982
2989
3019
3026
3055
3062
3091
3098
3128
3135
3164
3171
3200
3208
3237
3244
3273
3281
3310
3317
3346
3354
3382
3390
3419
3426
3455
3463
3491
3499
3528
3536
3564
3572
3600
3609
3637
3645
3673
3682
3710
3718
3746
3754
3782
3791
3819
3827
3855
3864
3891
3900
3928
3937
3964
3973
4000
4010
4037
4046
4073
4083
4110
4119
4146
4155
4182
4192
4219
4228
4255
4265
4291
4301
4328
4338
4364
4374
4400
4411
4437
4447
4473
4483
4510
4520
4546
4556
4582
4593
4619
4629
4655
4666
4691
4702
4728
4739
4764
4775
4800
4811
4837
4848
4873
4884
4910
4921
4946
4957
4982
4994
5019
5030
5055
5067
5091
5103
5128
5139
5164
5176
5200
5212
5237
5249
5273
5285
5310
5322
5346
5358
5382
5395
5419
5431
5455
5467
5491
5504
5528
5540
5564
5577
5600
5613
5637
5650
5673
5686
5710
5723
5746
5759
5782
5795
5819
5832
5855
5868
5891
5905
5928
5941
5964
5978
6000
6014
6037
6051
6073
6087
6110
6124
6146
6160
6182
6196
6219
6233
6255
6269
6291
6306
6328
6342
6364
6379
6400
6415
6437
6452
6473
6488
6510
6524
6546
6561
6582
6597
6619
6634
6655
6670
6691
6707
6728
6743
6764
6780
6800
6816
6837
6852
6873
6889
6910
6925
6946
6962
6982
6998
7019
7035
7055
7071
7091
7108
7128
7144
7164
7180
7200
7217
7237
7253
7273
7290
7310
7326
7346
7363
7382
7399
7419
7436
7455
7472
7491
7508
7528
7545
7564
7581
7600
7618
7637
7654
7673
7691
7710
7727
7746
7764
7782
7800
7819
7836
7855
7873
7891
7909
7928
7946
7964
7982
8000
8019
8037
8055
8073
8091
8110
8128
8146
8164
8182
8201
8219
8237
8255
8273
8291
8310
8328
8346
8364
8382
8400
8419
8437
8455
8473
8491
8510
8528
8546
8564
8582
8600
8619
8637
8655
8673
8691
8710
8728
8746
8764
8782
8800
8819
8837
8855
8873
8891
8910
8928
8946
8964
8982
9000
9019
9037
9055
9073
9091
9110
9128
9146
9164
9182
9200
9219
9237
9255
9273
9291
9310
9328
9346
9364
9382
9400
9419
9437
9455
9473
9491
9510
9528
9546
9564
9582
9600
9619
9637
9655
9673
9691
9710
9728
9746
9764
9782
9800
9819
9837
9855
9873
9891
9910
9928
9946
9964
9982
10000
10019
10037
10055
10073
10091
10110
10128
10146
10164
10182
10200
10219
10237
10255
10273
10291
10310
10328
10346
10364
10382
10400
10419
10437
10455
10473
10491
10510
10528
10546
10564
10582
10600
10619
10637
10655
10673
10691
10710
10728
10746
10764
10782
10800
10819
10837
10855
10873
10891
10910
10928
10946
10964
10982
11000
11019
11037
11055
11073
11091
11110
11128
11146
11164
11182
11200
11219
11237
11255
11273
11291
11310
11328
11346
11364
11382
11400
11419
11437
11455
11473
11491
11510
11528
11546
11564
11582
11600
11619
11637
11655
11673
11691
11710
11728
11746
11764
11782
11800
11819
11837
11855
11873
11891
11910
11928
11946
11964
11982
12000
12019
12037
12055
12073
12091
12110
12128
12146
12164
12182
12200
12219
12237
12255
12273
12291
12310
12328
12346
12364
12382
12400
12419
12437
12455
12473
12491
12510
12528
12546
12564
12582
12600
12619
12637
12655
12673
12691
12710
12728
12746
12764
12782
12800
12819
12837
12855
12873
12891
12910
12928
12946
12964
12982
13000
13019
13037
13055
13073
13091
13110
13128
13146
13164
13182
13200
13219
13237
13255
13273
13291
13310
13328
13346
13364
13382
13400
13419
13437
13455
13473
13491
13510
13528
13546
13564
13582
13600
13619
13637
13655
13673
13691
13710
13728
13746
13764
13782
13800
13819
13837
13855
13873
13891
13910
13928
13946
13964
13982
14000
14019
14037
14055
14073
14091
14110
14128
14146
14164
14182
14200
14219
14237
14255
14273
14291
14310
14328
14346
14364
14382
14400
14419
14437
14455
14473
14491
14510
14528
14546
14564
14582
14600
14619
14637
14655
14673
14691
14710
14728
14746
14764
14782
14800
14819
14837
14855
14873
14891
14910
14928
14946
14964
14982
15000
15019
15037
15055
15073
15091
15110
15128
15146
15164
15182
15200
15219
15237
15255
15273
15291
15310
15328
15346
15364
15382
15400
15419
15437
15455
15473
15491
15510
15528
15546
15564
15582
15600
15619
15637
15655
15673
15691
15710
15728
15746
15764
15782
15800
15819
15837
15855
15873
15891
15910
15928
15946
15964
15982
16000
16019
16037
16055
16073
16091
16110
16127
16146
16164
16182
16200
16219
16236
16255
16273
16291
16309
16328
16345
16364
16381
16401
16418
16437
16454
16473
16490
16510
16527
16546
16563
16582
16599
16619
16635
16655
16672
16691
16708
16728
16744
16764
16781
16800
16817
16837
16853
16873
16889
16910
16926
16946
16962
16982
16998
17019
17035
17055
17071
17091
17107
17128
17143
17164
17180
17200
17216
17237
17252
17273
17288
17310
17325
17346
17361
17382
17397
17419
17434
17455
17470
17491
17506
17528
17542
17564
17579
17600
17615
17637
17651
17673
17688
17710
17724
17746
17760
17782
17796
17819
17833
17855
17869
17891
17905
17928
17942
17964
17978
18000
18014
18037
18050
18073
18087
18110
18123
18146
18159
18182
18196
18219
18232
18255
18268
18291
18304
18328
18341
18364
18377
18400
18413
18437
18449
18473
18486
18510
18522
18546
18558
18582
18595
18619
18631
18655
18667
18691
18703
18728
18740
18764
18776
18800
18812
18837
18849
18873
18885
18910
18921
18946
18957
18982
18994
19019
19030
19055
19066
19091
19103
19128
19139
19164
19175
19200
19211
19237
19248
19273
19284
19310
19320
19346
19357
19382
19393
19419
19429
19455
19465
19491
19502
19528
19538
19564
19574
19600
19610
19637
19647
19673
19683
19710
19719
19746
19756
19782
19792
19819
19828
19855
19864
19891
19901
19928
19937
19964
19973
20000
20010
20037
20046
20073
20082
20110
20118
20146
20155
20182
20191
20219
20227
20255
20264
20291
20300
20328
20336
20364
20372
20400
20409
20437
20445
20473
20481
20510
20518
20546
20554
20582
20590
20619
20626
20655
20663
20691
20699
20728
20735
20764
20771
20800
20808
20837
20844
20873
20880
20910
20917
20946
20953
20982
20989
21019
21025
21055
21062
21091
21098
21128
21134
21164
21171
21200
21207
21237
21243
21273
21279
21310
21316
21346
21352
21382
21388
21419
21425
21455
21461
21491
21497
21528
21533
21564
21570
21600
21606
21637
21642
21673
21679
21710
21715
21746
21751
21782
21787
21819
21824
21855
21860
21891
21896
21928
21932
21964
21969
22000
22005
22037
22041
22073
22078
22110
22114
22146
22150
22182
22186
22219
22223
22255
22259
22291
22295
22328
22332
22364
22368
22400
22404
22437
22440
22473
22477
22510
22513
22546
22549
22582
22586
22619
22622
22655
22658
22691
22694
22728
22731
22764
22767
22800
22803
22837
22840
22873
22876
22910
22912
22946
22948
22982
22985
23019
23021
23055
23057
23091
23093
23128
23130
23164
23166
23200
23202
23237
23239
23273
23275
23310
23311
23346
23347
23382
23384
23419
23420
23455
23456
23491
23493
23528
23529
23564
23565
23600
23601
23637
23638
23673
23674
23746
23747
23782
23783
23891
23892
