Samplenummer
----------------
73
74
146
147
182
183
219
220
255
256
291
293
328
329
364
366
400
402
437
439
473
475
510
512
546
548
582
585
619
622
655
658
691
695
728
731
764
768
800
804
837
841
873
877
910
914
946
950
982
987
1019
1023
1055
1060
1091
1096
1128
1133
1164
1169
1200
1206
1237
1243
1273
1279
1310
1316
1346
1352
1382
1389
1419
1425
1455
1462
1491
1498
1528
1535
1564
1571
1600
1608
1637
1644
1673
1681
1710
1717
1746
1754
1782
1790
1819
1827
1855
1864
1891
1900
1928
1937
1964
1973
2000
2010
2037
2046
2073
2083
2110
2119
2146
2156
2182
2192
2219
2229
2255
2265
2291
2302
2328
2338
2364
2375
2400
2411
2437
2448
2473
2485
2510
2521
2546
2558
2582
2594
2619
2631
2655
2667
2691
2704
2728
2740
2764
2777
2800
2813
2837
2850
2873
2886
2910
2923
2946
2959
2982
2996
3019
3032
3055
3069
3091
3106
3128
3142
3164
3179
3200
3215
3237
3252
3273
3288
3310
3325
3346
3361
3382
3398
3419
3434
3455
3471
3491
3507
3528
3544
3564
3580
3600
3617
3637
3653
3673
3690
3710
3727
3746
3763
3782
3800
3819
3836
3855
3873
3891
3909
3928
3946
3964
3982
4000
4019
4037
4055
4073
4091
4110
4127
4146
4163
4182
4200
4219
4236
4255
4272
4291
4308
4328
4344
4364
4381
4400
4417
4437
4453
4473
4489
4510
4525
4546
4562
4582
4598
4619
4634
4655
4670
4691
4706
4728
4743
4764
4779
4800
4815
4837
4851
4873
4887
4910
4924
4946
4960
4982
4996
5019
5032
5055
5068
5091
5105
5128
5141
5164
5177
5200
5213
5237
5249
5273
5286
5310
5322
5346
5358
5382
5394
5419
5430
5455
5467
5491
5503
5528
5539
5564
5575
5600
5611
5637
5648
5673
5684
5710
5720
5746
5756
5782
5792
5819
5829
5855
5865
5891
5901
5928
5937
5964
5973
6000
6010
6037
6046
6073
6082
6110
6118
6146
6154
6182
6191
6219
6227
6255
6263
6291
6299
6328
6335
6364
6372
6400
6408
6437
6444
6473
6480
6510
6516
6546
6553
6582
6589
6619
6625
6655
6661
6691
6697
6728
6734
6764
6770
6800
6806
6837
6842
6873
6878
6910
6915
6946
6951
6982
6987
7019
7023
7055
7059
7091
7096
7128
7132
7164
7168
7200
7204
7237
7240
7273
7277
7310
7313
7346
7349
7382
7385
7419
7421
7455
7458
7491
7494
7528
7530
7564
7566
7600
7602
7637
7639
7673
7675
7710
7711
7746
7747
7782
7783
7819
7820
7855
7856
7891
7892
